(kicad_pcb (version 20171130) (host pcbnew 5.1.9+dfsg1-1)

  (general
    (thickness 1.6)
    (drawings 18)
    (tracks 90)
    (zones 0)
    (modules 27)
    (nets 22)
  )

  (page A4)
  (layers
    (0 F.Cu signal)
    (31 B.Cu signal)
    (32 B.Adhes user)
    (33 F.Adhes user)
    (34 B.Paste user)
    (35 F.Paste user)
    (36 B.SilkS user)
    (37 F.SilkS user)
    (38 B.Mask user)
    (39 F.Mask user)
    (40 Dwgs.User user)
    (41 Cmts.User user)
    (42 Eco1.User user)
    (43 Eco2.User user)
    (44 Edge.Cuts user)
    (45 Margin user)
    (46 B.CrtYd user)
    (47 F.CrtYd user)
    (48 B.Fab user)
    (49 F.Fab user)
  )

  (setup
    (last_trace_width 0.5)
    (user_trace_width 0.5)
    (trace_clearance 0.2)
    (zone_clearance 0.508)
    (zone_45_only no)
    (trace_min 0.2)
    (via_size 0.8)
    (via_drill 0.4)
    (via_min_size 0.4)
    (via_min_drill 0.3)
    (uvia_size 0.3)
    (uvia_drill 0.1)
    (uvias_allowed no)
    (uvia_min_size 0.2)
    (uvia_min_drill 0.1)
    (edge_width 0.15)
    (segment_width 0.2)
    (pcb_text_width 0.3)
    (pcb_text_size 1.5 1.5)
    (mod_edge_width 0.15)
    (mod_text_size 1 1)
    (mod_text_width 0.15)
    (pad_size 1.6 1.6)
    (pad_drill 0.8)
    (pad_to_mask_clearance 0.051)
    (solder_mask_min_width 0.25)
    (aux_axis_origin 0 0)
    (visible_elements FFFFFF7F)
    (pcbplotparams
      (layerselection 0x010fc_ffffffff)
      (usegerberextensions true)
      (usegerberattributes true)
      (usegerberadvancedattributes false)
      (creategerberjobfile false)
      (excludeedgelayer true)
      (linewidth 0.100000)
      (plotframeref false)
      (viasonmask false)
      (mode 1)
      (useauxorigin false)
      (hpglpennumber 1)
      (hpglpenspeed 20)
      (hpglpendiameter 15.000000)
      (psnegative false)
      (psa4output false)
      (plotreference true)
      (plotvalue true)
      (plotinvisibletext false)
      (padsonsilk false)
      (subtractmaskfromsilk true)
      (outputformat 1)
      (mirror false)
      (drillshape 0)
      (scaleselection 1)
      (outputdirectory "gerber/"))
  )

  (net 0 "")
  (net 1 GND)
  (net 2 5V)
  (net 3 MOTOR)
  (net 4 "Net-(D1-Pad1)")
  (net 5 "Net-(D2-Pad1)")
  (net 6 LINE_R)
  (net 7 LINE_L)
  (net 8 TAPE)
  (net 9 COM)
  (net 10 "Net-(R3-Pad1)")
  (net 11 "Net-(R18-Pad1)")
  (net 12 "Net-(R18-Pad2)")
  (net 13 "Net-(R19-Pad2)")
  (net 14 "Net-(R20-Pad2)")
  (net 15 "Net-(U8-Pad5)")
  (net 16 GND_IN)
  (net 17 "Net-(U2-Pad3)")
  (net 18 "Net-(U2-Pad4)")
  (net 19 "Net-(U2-Pad7)")
  (net 20 "Net-(C1-Pad1)")
  (net 21 "Net-(C2-Pad1)")

  (net_class Default "This is the default net class."
    (clearance 0.2)
    (trace_width 0.25)
    (via_dia 0.8)
    (via_drill 0.4)
    (uvia_dia 0.3)
    (uvia_drill 0.1)
    (add_net 5V)
    (add_net COM)
    (add_net GND)
    (add_net GND_IN)
    (add_net LINE_L)
    (add_net LINE_R)
    (add_net MOTOR)
    (add_net "Net-(C1-Pad1)")
    (add_net "Net-(C2-Pad1)")
    (add_net "Net-(D1-Pad1)")
    (add_net "Net-(D2-Pad1)")
    (add_net "Net-(R18-Pad1)")
    (add_net "Net-(R18-Pad2)")
    (add_net "Net-(R19-Pad2)")
    (add_net "Net-(R20-Pad2)")
    (add_net "Net-(R3-Pad1)")
    (add_net "Net-(U2-Pad3)")
    (add_net "Net-(U2-Pad4)")
    (add_net "Net-(U2-Pad7)")
    (add_net "Net-(U8-Pad5)")
    (add_net TAPE)
  )

  (module Resistor_SMD:R_0805_2012Metric_Pad1.15x1.40mm_HandSolder (layer F.Cu) (tedit 5B36C52B) (tstamp 6250A163)
    (at 96.725 150.25)
    (descr "Resistor SMD 0805 (2012 Metric), square (rectangular) end terminal, IPC_7351 nominal with elongated pad for handsoldering. (Body size source: https://docs.google.com/spreadsheets/d/1BsfQQcO9C6DZCsRaXUlFlo91Tg2WpOkGARC1WS5S8t0/edit?usp=sharing), generated with kicad-footprint-generator")
    (tags "resistor handsolder")
    (path /62496B7F)
    (attr smd)
    (fp_text reference R22 (at 0 -1.75) (layer F.SilkS)
      (effects (font (size 1 1) (thickness 0.15)))
    )
    (fp_text value 4K7 (at 0 1.65) (layer F.Fab)
      (effects (font (size 1 1) (thickness 0.15)))
    )
    (fp_line (start -1 0.6) (end -1 -0.6) (layer F.Fab) (width 0.1))
    (fp_line (start -1 -0.6) (end 1 -0.6) (layer F.Fab) (width 0.1))
    (fp_line (start 1 -0.6) (end 1 0.6) (layer F.Fab) (width 0.1))
    (fp_line (start 1 0.6) (end -1 0.6) (layer F.Fab) (width 0.1))
    (fp_line (start -0.261252 -0.71) (end 0.261252 -0.71) (layer F.SilkS) (width 0.12))
    (fp_line (start -0.261252 0.71) (end 0.261252 0.71) (layer F.SilkS) (width 0.12))
    (fp_line (start -1.85 0.95) (end -1.85 -0.95) (layer F.CrtYd) (width 0.05))
    (fp_line (start -1.85 -0.95) (end 1.85 -0.95) (layer F.CrtYd) (width 0.05))
    (fp_line (start 1.85 -0.95) (end 1.85 0.95) (layer F.CrtYd) (width 0.05))
    (fp_line (start 1.85 0.95) (end -1.85 0.95) (layer F.CrtYd) (width 0.05))
    (fp_text user %R (at 0 0) (layer F.Fab)
      (effects (font (size 0.5 0.5) (thickness 0.08)))
    )
    (pad 2 smd roundrect (at 1.025 0) (size 1.15 1.4) (layers F.Cu F.Paste F.Mask) (roundrect_rratio 0.217391)
      (net 1 GND))
    (pad 1 smd roundrect (at -1.025 0) (size 1.15 1.4) (layers F.Cu F.Paste F.Mask) (roundrect_rratio 0.217391)
      (net 5 "Net-(D2-Pad1)"))
    (model ${KISYS3DMOD}/Resistor_SMD.3dshapes/R_0805_2012Metric.wrl
      (at (xyz 0 0 0))
      (scale (xyz 1 1 1))
      (rotate (xyz 0 0 0))
    )
  )

  (module Package_DIP:DIP-4_W7.62mm_Socket (layer F.Cu) (tedit 5A02E8C5) (tstamp 624E7FFD)
    (at 78.994 141.986 270)
    (descr "4-lead though-hole mounted DIP package, row spacing 7.62 mm (300 mils), Socket")
    (tags "THT DIP DIL PDIP 2.54mm 7.62mm 300mil Socket")
    (path /6236D896)
    (fp_text reference U1 (at 8.25 -2.25 270) (layer F.SilkS)
      (effects (font (size 1 1) (thickness 0.15)))
    )
    (fp_text value TLP785 (at 3.81 4.87 270) (layer F.Fab)
      (effects (font (size 1 1) (thickness 0.15)))
    )
    (fp_line (start 9.15 -1.6) (end -1.55 -1.6) (layer F.CrtYd) (width 0.05))
    (fp_line (start 9.15 4.15) (end 9.15 -1.6) (layer F.CrtYd) (width 0.05))
    (fp_line (start -1.55 4.15) (end 9.15 4.15) (layer F.CrtYd) (width 0.05))
    (fp_line (start -1.55 -1.6) (end -1.55 4.15) (layer F.CrtYd) (width 0.05))
    (fp_line (start 8.95 -1.39) (end -1.33 -1.39) (layer F.SilkS) (width 0.12))
    (fp_line (start 8.95 3.93) (end 8.95 -1.39) (layer F.SilkS) (width 0.12))
    (fp_line (start -1.33 3.93) (end 8.95 3.93) (layer F.SilkS) (width 0.12))
    (fp_line (start -1.33 -1.39) (end -1.33 3.93) (layer F.SilkS) (width 0.12))
    (fp_line (start 6.46 -1.33) (end 4.81 -1.33) (layer F.SilkS) (width 0.12))
    (fp_line (start 6.46 3.87) (end 6.46 -1.33) (layer F.SilkS) (width 0.12))
    (fp_line (start 1.16 3.87) (end 6.46 3.87) (layer F.SilkS) (width 0.12))
    (fp_line (start 1.16 -1.33) (end 1.16 3.87) (layer F.SilkS) (width 0.12))
    (fp_line (start 2.81 -1.33) (end 1.16 -1.33) (layer F.SilkS) (width 0.12))
    (fp_line (start 8.89 -1.33) (end -1.27 -1.33) (layer F.Fab) (width 0.1))
    (fp_line (start 8.89 3.87) (end 8.89 -1.33) (layer F.Fab) (width 0.1))
    (fp_line (start -1.27 3.87) (end 8.89 3.87) (layer F.Fab) (width 0.1))
    (fp_line (start -1.27 -1.33) (end -1.27 3.87) (layer F.Fab) (width 0.1))
    (fp_line (start 0.635 -0.27) (end 1.635 -1.27) (layer F.Fab) (width 0.1))
    (fp_line (start 0.635 3.81) (end 0.635 -0.27) (layer F.Fab) (width 0.1))
    (fp_line (start 6.985 3.81) (end 0.635 3.81) (layer F.Fab) (width 0.1))
    (fp_line (start 6.985 -1.27) (end 6.985 3.81) (layer F.Fab) (width 0.1))
    (fp_line (start 1.635 -1.27) (end 6.985 -1.27) (layer F.Fab) (width 0.1))
    (fp_arc (start 3.81 -1.33) (end 2.81 -1.33) (angle -180) (layer F.SilkS) (width 0.12))
    (fp_text user %R (at 3.81 1.27 270) (layer F.Fab)
      (effects (font (size 1 1) (thickness 0.15)))
    )
    (pad 1 thru_hole rect (at 0 0 270) (size 1.6 1.6) (drill 0.8) (layers *.Cu *.Mask)
      (net 3 MOTOR))
    (pad 3 thru_hole oval (at 7.62 2.54 270) (size 1.6 1.6) (drill 0.8) (layers *.Cu *.Mask)
      (net 8 TAPE))
    (pad 2 thru_hole oval (at 0 2.54 270) (size 1.6 1.6) (drill 0.8) (layers *.Cu *.Mask)
      (net 10 "Net-(R3-Pad1)"))
    (pad 4 thru_hole oval (at 7.62 0 270) (size 1.6 1.6) (drill 0.8) (layers *.Cu *.Mask)
      (net 9 COM))
    (model ${KISYS3DMOD}/Package_DIP.3dshapes/DIP-4_W7.62mm_Socket.wrl
      (at (xyz 0 0 0))
      (scale (xyz 1 1 1))
      (rotate (xyz 0 0 0))
    )
  )

  (module Resistor_SMD:R_0805_2012Metric_Pad1.15x1.40mm_HandSolder (layer F.Cu) (tedit 5B36C52B) (tstamp 62509B74)
    (at 87.376 130.039 270)
    (descr "Resistor SMD 0805 (2012 Metric), square (rectangular) end terminal, IPC_7351 nominal with elongated pad for handsoldering. (Body size source: https://docs.google.com/spreadsheets/d/1BsfQQcO9C6DZCsRaXUlFlo91Tg2WpOkGARC1WS5S8t0/edit?usp=sharing), generated with kicad-footprint-generator")
    (tags "resistor handsolder")
    (path /6236FE63)
    (attr smd)
    (fp_text reference C6 (at 3.311 0 270) (layer F.SilkS)
      (effects (font (size 1 1) (thickness 0.15)))
    )
    (fp_text value 100n (at 0 1.65 270) (layer F.Fab)
      (effects (font (size 1 1) (thickness 0.15)))
    )
    (fp_line (start 1.85 0.95) (end -1.85 0.95) (layer F.CrtYd) (width 0.05))
    (fp_line (start 1.85 -0.95) (end 1.85 0.95) (layer F.CrtYd) (width 0.05))
    (fp_line (start -1.85 -0.95) (end 1.85 -0.95) (layer F.CrtYd) (width 0.05))
    (fp_line (start -1.85 0.95) (end -1.85 -0.95) (layer F.CrtYd) (width 0.05))
    (fp_line (start -0.261252 0.71) (end 0.261252 0.71) (layer F.SilkS) (width 0.12))
    (fp_line (start -0.261252 -0.71) (end 0.261252 -0.71) (layer F.SilkS) (width 0.12))
    (fp_line (start 1 0.6) (end -1 0.6) (layer F.Fab) (width 0.1))
    (fp_line (start 1 -0.6) (end 1 0.6) (layer F.Fab) (width 0.1))
    (fp_line (start -1 -0.6) (end 1 -0.6) (layer F.Fab) (width 0.1))
    (fp_line (start -1 0.6) (end -1 -0.6) (layer F.Fab) (width 0.1))
    (fp_text user %R (at 0 0 270) (layer F.Fab)
      (effects (font (size 0.5 0.5) (thickness 0.08)))
    )
    (pad 1 smd roundrect (at -1.025 0 270) (size 1.15 1.4) (layers F.Cu F.Paste F.Mask) (roundrect_rratio 0.217391)
      (net 3 MOTOR))
    (pad 2 smd roundrect (at 1.025 0 270) (size 1.15 1.4) (layers F.Cu F.Paste F.Mask) (roundrect_rratio 0.217391)
      (net 16 GND_IN))
    (model ${KISYS3DMOD}/Resistor_SMD.3dshapes/R_0805_2012Metric.wrl
      (at (xyz 0 0 0))
      (scale (xyz 1 1 1))
      (rotate (xyz 0 0 0))
    )
  )

  (module Resistor_SMD:R_0805_2012Metric_Pad1.15x1.40mm_HandSolder (layer F.Cu) (tedit 5B36C52B) (tstamp 62509EF6)
    (at 92.211 144.272)
    (descr "Resistor SMD 0805 (2012 Metric), square (rectangular) end terminal, IPC_7351 nominal with elongated pad for handsoldering. (Body size source: https://docs.google.com/spreadsheets/d/1BsfQQcO9C6DZCsRaXUlFlo91Tg2WpOkGARC1WS5S8t0/edit?usp=sharing), generated with kicad-footprint-generator")
    (tags "resistor handsolder")
    (path /6236DDDB)
    (attr smd)
    (fp_text reference C15 (at -0.009 1.778 180) (layer F.SilkS)
      (effects (font (size 1 1) (thickness 0.15)))
    )
    (fp_text value 100n (at 0 1.65 180) (layer F.Fab)
      (effects (font (size 1 1) (thickness 0.15)))
    )
    (fp_line (start -1 0.6) (end -1 -0.6) (layer F.Fab) (width 0.1))
    (fp_line (start -1 -0.6) (end 1 -0.6) (layer F.Fab) (width 0.1))
    (fp_line (start 1 -0.6) (end 1 0.6) (layer F.Fab) (width 0.1))
    (fp_line (start 1 0.6) (end -1 0.6) (layer F.Fab) (width 0.1))
    (fp_line (start -0.261252 -0.71) (end 0.261252 -0.71) (layer F.SilkS) (width 0.12))
    (fp_line (start -0.261252 0.71) (end 0.261252 0.71) (layer F.SilkS) (width 0.12))
    (fp_line (start -1.85 0.95) (end -1.85 -0.95) (layer F.CrtYd) (width 0.05))
    (fp_line (start -1.85 -0.95) (end 1.85 -0.95) (layer F.CrtYd) (width 0.05))
    (fp_line (start 1.85 -0.95) (end 1.85 0.95) (layer F.CrtYd) (width 0.05))
    (fp_line (start 1.85 0.95) (end -1.85 0.95) (layer F.CrtYd) (width 0.05))
    (fp_text user %R (at 0 0 180) (layer F.Fab)
      (effects (font (size 0.5 0.5) (thickness 0.08)))
    )
    (pad 2 smd roundrect (at 1.025 0) (size 1.15 1.4) (layers F.Cu F.Paste F.Mask) (roundrect_rratio 0.217391)
      (net 1 GND))
    (pad 1 smd roundrect (at -1.025 0) (size 1.15 1.4) (layers F.Cu F.Paste F.Mask) (roundrect_rratio 0.217391)
      (net 2 5V))
    (model ${KISYS3DMOD}/Resistor_SMD.3dshapes/R_0805_2012Metric.wrl
      (at (xyz 0 0 0))
      (scale (xyz 1 1 1))
      (rotate (xyz 0 0 0))
    )
  )

  (module Resistor_SMD:R_0805_2012Metric_Pad1.15x1.40mm_HandSolder (layer F.Cu) (tedit 5B36C52B) (tstamp 62509F07)
    (at 73.406 145.551 270)
    (descr "Resistor SMD 0805 (2012 Metric), square (rectangular) end terminal, IPC_7351 nominal with elongated pad for handsoldering. (Body size source: https://docs.google.com/spreadsheets/d/1BsfQQcO9C6DZCsRaXUlFlo91Tg2WpOkGARC1WS5S8t0/edit?usp=sharing), generated with kicad-footprint-generator")
    (tags "resistor handsolder")
    (path /6248636A)
    (attr smd)
    (fp_text reference D1 (at -1.279 1.778 90) (layer F.SilkS)
      (effects (font (size 1 1) (thickness 0.15)))
    )
    (fp_text value LED (at 0 1.65 90) (layer F.Fab)
      (effects (font (size 1 1) (thickness 0.15)))
    )
    (fp_line (start -1 0.6) (end -1 -0.6) (layer F.Fab) (width 0.1))
    (fp_line (start -1 -0.6) (end 1 -0.6) (layer F.Fab) (width 0.1))
    (fp_line (start 1 -0.6) (end 1 0.6) (layer F.Fab) (width 0.1))
    (fp_line (start 1 0.6) (end -1 0.6) (layer F.Fab) (width 0.1))
    (fp_line (start -0.261252 -0.71) (end 0.261252 -0.71) (layer F.SilkS) (width 0.12))
    (fp_line (start -0.261252 0.71) (end 0.261252 0.71) (layer F.SilkS) (width 0.12))
    (fp_line (start -1.85 0.95) (end -1.85 -0.95) (layer F.CrtYd) (width 0.05))
    (fp_line (start -1.85 -0.95) (end 1.85 -0.95) (layer F.CrtYd) (width 0.05))
    (fp_line (start 1.85 -0.95) (end 1.85 0.95) (layer F.CrtYd) (width 0.05))
    (fp_line (start 1.85 0.95) (end -1.85 0.95) (layer F.CrtYd) (width 0.05))
    (fp_text user %R (at 0 0 90) (layer F.Fab)
      (effects (font (size 0.5 0.5) (thickness 0.08)))
    )
    (pad 2 smd roundrect (at 1.025 0 270) (size 1.15 1.4) (layers F.Cu F.Paste F.Mask) (roundrect_rratio 0.217391)
      (net 3 MOTOR))
    (pad 1 smd roundrect (at -1.025 0 270) (size 1.15 1.4) (layers F.Cu F.Paste F.Mask) (roundrect_rratio 0.217391)
      (net 4 "Net-(D1-Pad1)"))
    (model ${KISYS3DMOD}/Resistor_SMD.3dshapes/R_0805_2012Metric.wrl
      (at (xyz 0 0 0))
      (scale (xyz 1 1 1))
      (rotate (xyz 0 0 0))
    )
  )

  (module Resistor_SMD:R_0805_2012Metric_Pad1.15x1.40mm_HandSolder (layer F.Cu) (tedit 5B36C52B) (tstamp 62509F18)
    (at 92.211 150.25 180)
    (descr "Resistor SMD 0805 (2012 Metric), square (rectangular) end terminal, IPC_7351 nominal with elongated pad for handsoldering. (Body size source: https://docs.google.com/spreadsheets/d/1BsfQQcO9C6DZCsRaXUlFlo91Tg2WpOkGARC1WS5S8t0/edit?usp=sharing), generated with kicad-footprint-generator")
    (tags "resistor handsolder")
    (path /62496ADF)
    (attr smd)
    (fp_text reference D2 (at -0.499 1.75 180) (layer F.SilkS)
      (effects (font (size 1 1) (thickness 0.15)))
    )
    (fp_text value LED (at 0 1.65 180) (layer F.Fab)
      (effects (font (size 1 1) (thickness 0.15)))
    )
    (fp_line (start 1.85 0.95) (end -1.85 0.95) (layer F.CrtYd) (width 0.05))
    (fp_line (start 1.85 -0.95) (end 1.85 0.95) (layer F.CrtYd) (width 0.05))
    (fp_line (start -1.85 -0.95) (end 1.85 -0.95) (layer F.CrtYd) (width 0.05))
    (fp_line (start -1.85 0.95) (end -1.85 -0.95) (layer F.CrtYd) (width 0.05))
    (fp_line (start -0.261252 0.71) (end 0.261252 0.71) (layer F.SilkS) (width 0.12))
    (fp_line (start -0.261252 -0.71) (end 0.261252 -0.71) (layer F.SilkS) (width 0.12))
    (fp_line (start 1 0.6) (end -1 0.6) (layer F.Fab) (width 0.1))
    (fp_line (start 1 -0.6) (end 1 0.6) (layer F.Fab) (width 0.1))
    (fp_line (start -1 -0.6) (end 1 -0.6) (layer F.Fab) (width 0.1))
    (fp_line (start -1 0.6) (end -1 -0.6) (layer F.Fab) (width 0.1))
    (fp_text user %R (at 0 0 180) (layer F.Fab)
      (effects (font (size 0.5 0.5) (thickness 0.08)))
    )
    (pad 1 smd roundrect (at -1.025 0 180) (size 1.15 1.4) (layers F.Cu F.Paste F.Mask) (roundrect_rratio 0.217391)
      (net 5 "Net-(D2-Pad1)"))
    (pad 2 smd roundrect (at 1.025 0 180) (size 1.15 1.4) (layers F.Cu F.Paste F.Mask) (roundrect_rratio 0.217391)
      (net 2 5V))
    (model ${KISYS3DMOD}/Resistor_SMD.3dshapes/R_0805_2012Metric.wrl
      (at (xyz 0 0 0))
      (scale (xyz 1 1 1))
      (rotate (xyz 0 0 0))
    )
  )

  (module Resistor_SMD:R_0805_2012Metric_Pad1.15x1.40mm_HandSolder (layer F.Cu) (tedit 5B36C52B) (tstamp 6250A020)
    (at 76.454 138.43 90)
    (descr "Resistor SMD 0805 (2012 Metric), square (rectangular) end terminal, IPC_7351 nominal with elongated pad for handsoldering. (Body size source: https://docs.google.com/spreadsheets/d/1BsfQQcO9C6DZCsRaXUlFlo91Tg2WpOkGARC1WS5S8t0/edit?usp=sharing), generated with kicad-footprint-generator")
    (tags "resistor handsolder")
    (path /623C6E91)
    (attr smd)
    (fp_text reference R3 (at 0 -1.524 270) (layer F.SilkS)
      (effects (font (size 1 1) (thickness 0.15)))
    )
    (fp_text value 4K7 (at 4.025 -1.5 270) (layer F.Fab)
      (effects (font (size 1 1) (thickness 0.15)))
    )
    (fp_line (start -1 0.6) (end -1 -0.6) (layer F.Fab) (width 0.1))
    (fp_line (start -1 -0.6) (end 1 -0.6) (layer F.Fab) (width 0.1))
    (fp_line (start 1 -0.6) (end 1 0.6) (layer F.Fab) (width 0.1))
    (fp_line (start 1 0.6) (end -1 0.6) (layer F.Fab) (width 0.1))
    (fp_line (start -0.261252 -0.71) (end 0.261252 -0.71) (layer F.SilkS) (width 0.12))
    (fp_line (start -0.261252 0.71) (end 0.261252 0.71) (layer F.SilkS) (width 0.12))
    (fp_line (start -1.85 0.95) (end -1.85 -0.95) (layer F.CrtYd) (width 0.05))
    (fp_line (start -1.85 -0.95) (end 1.85 -0.95) (layer F.CrtYd) (width 0.05))
    (fp_line (start 1.85 -0.95) (end 1.85 0.95) (layer F.CrtYd) (width 0.05))
    (fp_line (start 1.85 0.95) (end -1.85 0.95) (layer F.CrtYd) (width 0.05))
    (fp_text user %R (at 0 0 270) (layer F.Fab)
      (effects (font (size 0.5 0.5) (thickness 0.08)))
    )
    (pad 2 smd roundrect (at 1.025 0 90) (size 1.15 1.4) (layers F.Cu F.Paste F.Mask) (roundrect_rratio 0.217391)
      (net 16 GND_IN))
    (pad 1 smd roundrect (at -1.025 0 90) (size 1.15 1.4) (layers F.Cu F.Paste F.Mask) (roundrect_rratio 0.217391)
      (net 10 "Net-(R3-Pad1)"))
    (model ${KISYS3DMOD}/Resistor_SMD.3dshapes/R_0805_2012Metric.wrl
      (at (xyz 0 0 0))
      (scale (xyz 1 1 1))
      (rotate (xyz 0 0 0))
    )
  )

  (module Resistor_SMD:R_0805_2012Metric_Pad1.15x1.40mm_HandSolder (layer F.Cu) (tedit 5B36C52B) (tstamp 6250A11F)
    (at 148.25 145.775 270)
    (descr "Resistor SMD 0805 (2012 Metric), square (rectangular) end terminal, IPC_7351 nominal with elongated pad for handsoldering. (Body size source: https://docs.google.com/spreadsheets/d/1BsfQQcO9C6DZCsRaXUlFlo91Tg2WpOkGARC1WS5S8t0/edit?usp=sharing), generated with kicad-footprint-generator")
    (tags "resistor handsolder")
    (path /6239EADF)
    (attr smd)
    (fp_text reference R18 (at 3.725 0 270) (layer F.SilkS)
      (effects (font (size 1 1) (thickness 0.15)))
    )
    (fp_text value 51K (at 0 1.65 270) (layer F.Fab)
      (effects (font (size 1 1) (thickness 0.15)))
    )
    (fp_line (start 1.85 0.95) (end -1.85 0.95) (layer F.CrtYd) (width 0.05))
    (fp_line (start 1.85 -0.95) (end 1.85 0.95) (layer F.CrtYd) (width 0.05))
    (fp_line (start -1.85 -0.95) (end 1.85 -0.95) (layer F.CrtYd) (width 0.05))
    (fp_line (start -1.85 0.95) (end -1.85 -0.95) (layer F.CrtYd) (width 0.05))
    (fp_line (start -0.261252 0.71) (end 0.261252 0.71) (layer F.SilkS) (width 0.12))
    (fp_line (start -0.261252 -0.71) (end 0.261252 -0.71) (layer F.SilkS) (width 0.12))
    (fp_line (start 1 0.6) (end -1 0.6) (layer F.Fab) (width 0.1))
    (fp_line (start 1 -0.6) (end 1 0.6) (layer F.Fab) (width 0.1))
    (fp_line (start -1 -0.6) (end 1 -0.6) (layer F.Fab) (width 0.1))
    (fp_line (start -1 0.6) (end -1 -0.6) (layer F.Fab) (width 0.1))
    (fp_text user %R (at 0 0 270) (layer F.Fab)
      (effects (font (size 0.5 0.5) (thickness 0.08)))
    )
    (pad 1 smd roundrect (at -1.025 0 270) (size 1.15 1.4) (layers F.Cu F.Paste F.Mask) (roundrect_rratio 0.217391)
      (net 11 "Net-(R18-Pad1)"))
    (pad 2 smd roundrect (at 1.025 0 270) (size 1.15 1.4) (layers F.Cu F.Paste F.Mask) (roundrect_rratio 0.217391)
      (net 12 "Net-(R18-Pad2)"))
    (model ${KISYS3DMOD}/Resistor_SMD.3dshapes/R_0805_2012Metric.wrl
      (at (xyz 0 0 0))
      (scale (xyz 1 1 1))
      (rotate (xyz 0 0 0))
    )
  )

  (module Resistor_SMD:R_0805_2012Metric_Pad1.15x1.40mm_HandSolder (layer F.Cu) (tedit 5B36C52B) (tstamp 6250A130)
    (at 127.75 145.775 270)
    (descr "Resistor SMD 0805 (2012 Metric), square (rectangular) end terminal, IPC_7351 nominal with elongated pad for handsoldering. (Body size source: https://docs.google.com/spreadsheets/d/1BsfQQcO9C6DZCsRaXUlFlo91Tg2WpOkGARC1WS5S8t0/edit?usp=sharing), generated with kicad-footprint-generator")
    (tags "resistor handsolder")
    (path /623A02FB)
    (attr smd)
    (fp_text reference R19 (at 3.725 0 270) (layer F.SilkS)
      (effects (font (size 1 1) (thickness 0.15)))
    )
    (fp_text value 33K (at 0 1.65 270) (layer F.Fab)
      (effects (font (size 1 1) (thickness 0.15)))
    )
    (fp_line (start -1 0.6) (end -1 -0.6) (layer F.Fab) (width 0.1))
    (fp_line (start -1 -0.6) (end 1 -0.6) (layer F.Fab) (width 0.1))
    (fp_line (start 1 -0.6) (end 1 0.6) (layer F.Fab) (width 0.1))
    (fp_line (start 1 0.6) (end -1 0.6) (layer F.Fab) (width 0.1))
    (fp_line (start -0.261252 -0.71) (end 0.261252 -0.71) (layer F.SilkS) (width 0.12))
    (fp_line (start -0.261252 0.71) (end 0.261252 0.71) (layer F.SilkS) (width 0.12))
    (fp_line (start -1.85 0.95) (end -1.85 -0.95) (layer F.CrtYd) (width 0.05))
    (fp_line (start -1.85 -0.95) (end 1.85 -0.95) (layer F.CrtYd) (width 0.05))
    (fp_line (start 1.85 -0.95) (end 1.85 0.95) (layer F.CrtYd) (width 0.05))
    (fp_line (start 1.85 0.95) (end -1.85 0.95) (layer F.CrtYd) (width 0.05))
    (fp_text user %R (at 0 0 270) (layer F.Fab)
      (effects (font (size 0.5 0.5) (thickness 0.08)))
    )
    (pad 2 smd roundrect (at 1.025 0 270) (size 1.15 1.4) (layers F.Cu F.Paste F.Mask) (roundrect_rratio 0.217391)
      (net 13 "Net-(R19-Pad2)"))
    (pad 1 smd roundrect (at -1.025 0 270) (size 1.15 1.4) (layers F.Cu F.Paste F.Mask) (roundrect_rratio 0.217391)
      (net 11 "Net-(R18-Pad1)"))
    (model ${KISYS3DMOD}/Resistor_SMD.3dshapes/R_0805_2012Metric.wrl
      (at (xyz 0 0 0))
      (scale (xyz 1 1 1))
      (rotate (xyz 0 0 0))
    )
  )

  (module Resistor_SMD:R_0805_2012Metric_Pad1.15x1.40mm_HandSolder (layer F.Cu) (tedit 5B36C52B) (tstamp 6250A141)
    (at 111.25 145.775 270)
    (descr "Resistor SMD 0805 (2012 Metric), square (rectangular) end terminal, IPC_7351 nominal with elongated pad for handsoldering. (Body size source: https://docs.google.com/spreadsheets/d/1BsfQQcO9C6DZCsRaXUlFlo91Tg2WpOkGARC1WS5S8t0/edit?usp=sharing), generated with kicad-footprint-generator")
    (tags "resistor handsolder")
    (path /623A0373)
    (attr smd)
    (fp_text reference R20 (at 3.725 0 270) (layer F.SilkS)
      (effects (font (size 1 1) (thickness 0.15)))
    )
    (fp_text value 9.1K (at 0 1.65 270) (layer F.Fab)
      (effects (font (size 1 1) (thickness 0.15)))
    )
    (fp_line (start 1.85 0.95) (end -1.85 0.95) (layer F.CrtYd) (width 0.05))
    (fp_line (start 1.85 -0.95) (end 1.85 0.95) (layer F.CrtYd) (width 0.05))
    (fp_line (start -1.85 -0.95) (end 1.85 -0.95) (layer F.CrtYd) (width 0.05))
    (fp_line (start -1.85 0.95) (end -1.85 -0.95) (layer F.CrtYd) (width 0.05))
    (fp_line (start -0.261252 0.71) (end 0.261252 0.71) (layer F.SilkS) (width 0.12))
    (fp_line (start -0.261252 -0.71) (end 0.261252 -0.71) (layer F.SilkS) (width 0.12))
    (fp_line (start 1 0.6) (end -1 0.6) (layer F.Fab) (width 0.1))
    (fp_line (start 1 -0.6) (end 1 0.6) (layer F.Fab) (width 0.1))
    (fp_line (start -1 -0.6) (end 1 -0.6) (layer F.Fab) (width 0.1))
    (fp_line (start -1 0.6) (end -1 -0.6) (layer F.Fab) (width 0.1))
    (fp_text user %R (at 0 0 270) (layer F.Fab)
      (effects (font (size 0.5 0.5) (thickness 0.08)))
    )
    (pad 1 smd roundrect (at -1.025 0 270) (size 1.15 1.4) (layers F.Cu F.Paste F.Mask) (roundrect_rratio 0.217391)
      (net 11 "Net-(R18-Pad1)"))
    (pad 2 smd roundrect (at 1.025 0 270) (size 1.15 1.4) (layers F.Cu F.Paste F.Mask) (roundrect_rratio 0.217391)
      (net 14 "Net-(R20-Pad2)"))
    (model ${KISYS3DMOD}/Resistor_SMD.3dshapes/R_0805_2012Metric.wrl
      (at (xyz 0 0 0))
      (scale (xyz 1 1 1))
      (rotate (xyz 0 0 0))
    )
  )

  (module Resistor_SMD:R_0805_2012Metric_Pad1.15x1.40mm_HandSolder (layer F.Cu) (tedit 5B36C52B) (tstamp 6250A152)
    (at 73.406 141.487 90)
    (descr "Resistor SMD 0805 (2012 Metric), square (rectangular) end terminal, IPC_7351 nominal with elongated pad for handsoldering. (Body size source: https://docs.google.com/spreadsheets/d/1BsfQQcO9C6DZCsRaXUlFlo91Tg2WpOkGARC1WS5S8t0/edit?usp=sharing), generated with kicad-footprint-generator")
    (tags "resistor handsolder")
    (path /6248619F)
    (attr smd)
    (fp_text reference R21 (at 0.517 -1.778 90) (layer F.SilkS)
      (effects (font (size 1 1) (thickness 0.15)))
    )
    (fp_text value 4K7 (at 0 1.65 90) (layer F.Fab)
      (effects (font (size 1 1) (thickness 0.15)))
    )
    (fp_line (start 1.85 0.95) (end -1.85 0.95) (layer F.CrtYd) (width 0.05))
    (fp_line (start 1.85 -0.95) (end 1.85 0.95) (layer F.CrtYd) (width 0.05))
    (fp_line (start -1.85 -0.95) (end 1.85 -0.95) (layer F.CrtYd) (width 0.05))
    (fp_line (start -1.85 0.95) (end -1.85 -0.95) (layer F.CrtYd) (width 0.05))
    (fp_line (start -0.261252 0.71) (end 0.261252 0.71) (layer F.SilkS) (width 0.12))
    (fp_line (start -0.261252 -0.71) (end 0.261252 -0.71) (layer F.SilkS) (width 0.12))
    (fp_line (start 1 0.6) (end -1 0.6) (layer F.Fab) (width 0.1))
    (fp_line (start 1 -0.6) (end 1 0.6) (layer F.Fab) (width 0.1))
    (fp_line (start -1 -0.6) (end 1 -0.6) (layer F.Fab) (width 0.1))
    (fp_line (start -1 0.6) (end -1 -0.6) (layer F.Fab) (width 0.1))
    (fp_text user %R (at 0 0 90) (layer F.Fab)
      (effects (font (size 0.5 0.5) (thickness 0.08)))
    )
    (pad 1 smd roundrect (at -1.025 0 90) (size 1.15 1.4) (layers F.Cu F.Paste F.Mask) (roundrect_rratio 0.217391)
      (net 4 "Net-(D1-Pad1)"))
    (pad 2 smd roundrect (at 1.025 0 90) (size 1.15 1.4) (layers F.Cu F.Paste F.Mask) (roundrect_rratio 0.217391)
      (net 16 GND_IN))
    (model ${KISYS3DMOD}/Resistor_SMD.3dshapes/R_0805_2012Metric.wrl
      (at (xyz 0 0 0))
      (scale (xyz 1 1 1))
      (rotate (xyz 0 0 0))
    )
  )

  (module Button_Switch_THT:SW_Tactile_SPST_Angled_PTS645Vx83-2LFS locked (layer F.Cu) (tedit 5A02FE31) (tstamp 6250A189)
    (at 69.76 149.606 180)
    (descr "tactile switch SPST right angle, PTS645VL83-2 LFS")
    (tags "tactile switch SPST angled PTS645VL83-2 LFS C&K Button")
    (path /623CB2D9)
    (fp_text reference SW1 (at 2.25 1.68 180) (layer F.SilkS)
      (effects (font (size 1 1) (thickness 0.15)))
    )
    (fp_text value TAPE_SW (at 2.25 5.38988 180) (layer F.Fab)
      (effects (font (size 1 1) (thickness 0.15)))
    )
    (fp_line (start 0.55 0.97) (end 3.95 0.97) (layer F.SilkS) (width 0.12))
    (fp_line (start -1.09 0.97) (end -0.55 0.97) (layer F.SilkS) (width 0.12))
    (fp_line (start 6.11 3.8) (end 6.11 4.31) (layer F.SilkS) (width 0.12))
    (fp_line (start 5.59 4.31) (end 6.11 4.31) (layer F.SilkS) (width 0.12))
    (fp_line (start 5.59 3.8) (end 5.59 4.31) (layer F.SilkS) (width 0.12))
    (fp_line (start 5.05 0.97) (end 5.59 0.97) (layer F.SilkS) (width 0.12))
    (fp_line (start -1.61 3.8) (end -1.61 4.31) (layer F.SilkS) (width 0.12))
    (fp_line (start -1.09 3.8) (end -1.09 4.31) (layer F.SilkS) (width 0.12))
    (fp_line (start 5.59 0.97) (end 5.59 1.2) (layer F.SilkS) (width 0.12))
    (fp_line (start -1.2 4.2) (end -1.2 0.86) (layer F.Fab) (width 0.1))
    (fp_line (start 5.7 4.2) (end 6 4.2) (layer F.Fab) (width 0.1))
    (fp_line (start -1.5 4.2) (end -1.5 -2.59) (layer F.Fab) (width 0.1))
    (fp_line (start -1.5 -2.59) (end 6 -2.59) (layer F.Fab) (width 0.1))
    (fp_line (start -1.61 -2.7) (end -1.61 1.2) (layer F.SilkS) (width 0.12))
    (fp_line (start -1.61 4.31) (end -1.09 4.31) (layer F.SilkS) (width 0.12))
    (fp_line (start 6.11 -2.7) (end 6.11 1.2) (layer F.SilkS) (width 0.12))
    (fp_line (start -1.61 -2.7) (end 6.11 -2.7) (layer F.SilkS) (width 0.12))
    (fp_line (start -2.5 4.45) (end -2.5 -2.8) (layer F.CrtYd) (width 0.05))
    (fp_line (start 7.05 4.45) (end -2.5 4.45) (layer F.CrtYd) (width 0.05))
    (fp_line (start 7.05 -2.8) (end 7.05 4.45) (layer F.CrtYd) (width 0.05))
    (fp_line (start -2.5 -2.8) (end 7.05 -2.8) (layer F.CrtYd) (width 0.05))
    (fp_line (start 6 4.2) (end 6 -2.59) (layer F.Fab) (width 0.1))
    (fp_line (start -1.2 0.86) (end 5.7 0.86) (layer F.Fab) (width 0.1))
    (fp_line (start -1.5 4.2) (end -1.2 4.2) (layer F.Fab) (width 0.1))
    (fp_line (start 5.7 4.2) (end 5.7 0.86) (layer F.Fab) (width 0.1))
    (fp_line (start -1.09 0.97) (end -1.09 1.2) (layer F.SilkS) (width 0.12))
    (fp_line (start 0.5 -8.35) (end 4 -8.35) (layer F.Fab) (width 0.1))
    (fp_line (start 4 -8.35) (end 4 -2.59) (layer F.Fab) (width 0.1))
    (fp_line (start 0.5 -8.35) (end 0.5 -2.59) (layer F.Fab) (width 0.1))
    (fp_text user %R (at 2.25 1.68 180) (layer F.Fab)
      (effects (font (size 1 1) (thickness 0.15)))
    )
    (pad "" thru_hole circle (at 5.76 2.49 180) (size 2.1 2.1) (drill 1.3) (layers *.Cu *.Mask))
    (pad 2 thru_hole circle (at 4.5 0 180) (size 1.75 1.75) (drill 0.99) (layers *.Cu *.Mask)
      (net 8 TAPE))
    (pad 1 thru_hole circle (at 0 0 180) (size 1.75 1.75) (drill 0.99) (layers *.Cu *.Mask)
      (net 9 COM))
    (pad "" thru_hole circle (at -1.25 2.49 180) (size 2.1 2.1) (drill 1.3) (layers *.Cu *.Mask))
    (model ${KISYS3DMOD}/Button_Switch_THT.3dshapes/SW_Tactile_SPST_Angled_PTS645Vx83-2LFS.wrl
      (at (xyz 0 0 0))
      (scale (xyz 1 1 1))
      (rotate (xyz 0 0 0))
    )
  )

  (module Button_Switch_THT:SW_Tactile_SPST_Angled_PTS645Vx83-2LFS locked (layer F.Cu) (tedit 5A02FE31) (tstamp 6250A1AF)
    (at 156.75 149.49 180)
    (descr "tactile switch SPST right angle, PTS645VL83-2 LFS")
    (tags "tactile switch SPST angled PTS645VL83-2 LFS C&K Button")
    (path /6239D056)
    (fp_text reference SW2 (at 2.25 1.68 180) (layer F.SilkS)
      (effects (font (size 1 1) (thickness 0.15)))
    )
    (fp_text value PLAY/PAUSE (at 2.25 5.38988 180) (layer F.Fab)
      (effects (font (size 1 1) (thickness 0.15)))
    )
    (fp_line (start 0.5 -8.35) (end 0.5 -2.59) (layer F.Fab) (width 0.1))
    (fp_line (start 4 -8.35) (end 4 -2.59) (layer F.Fab) (width 0.1))
    (fp_line (start 0.5 -8.35) (end 4 -8.35) (layer F.Fab) (width 0.1))
    (fp_line (start -1.09 0.97) (end -1.09 1.2) (layer F.SilkS) (width 0.12))
    (fp_line (start 5.7 4.2) (end 5.7 0.86) (layer F.Fab) (width 0.1))
    (fp_line (start -1.5 4.2) (end -1.2 4.2) (layer F.Fab) (width 0.1))
    (fp_line (start -1.2 0.86) (end 5.7 0.86) (layer F.Fab) (width 0.1))
    (fp_line (start 6 4.2) (end 6 -2.59) (layer F.Fab) (width 0.1))
    (fp_line (start -2.5 -2.8) (end 7.05 -2.8) (layer F.CrtYd) (width 0.05))
    (fp_line (start 7.05 -2.8) (end 7.05 4.45) (layer F.CrtYd) (width 0.05))
    (fp_line (start 7.05 4.45) (end -2.5 4.45) (layer F.CrtYd) (width 0.05))
    (fp_line (start -2.5 4.45) (end -2.5 -2.8) (layer F.CrtYd) (width 0.05))
    (fp_line (start -1.61 -2.7) (end 6.11 -2.7) (layer F.SilkS) (width 0.12))
    (fp_line (start 6.11 -2.7) (end 6.11 1.2) (layer F.SilkS) (width 0.12))
    (fp_line (start -1.61 4.31) (end -1.09 4.31) (layer F.SilkS) (width 0.12))
    (fp_line (start -1.61 -2.7) (end -1.61 1.2) (layer F.SilkS) (width 0.12))
    (fp_line (start -1.5 -2.59) (end 6 -2.59) (layer F.Fab) (width 0.1))
    (fp_line (start -1.5 4.2) (end -1.5 -2.59) (layer F.Fab) (width 0.1))
    (fp_line (start 5.7 4.2) (end 6 4.2) (layer F.Fab) (width 0.1))
    (fp_line (start -1.2 4.2) (end -1.2 0.86) (layer F.Fab) (width 0.1))
    (fp_line (start 5.59 0.97) (end 5.59 1.2) (layer F.SilkS) (width 0.12))
    (fp_line (start -1.09 3.8) (end -1.09 4.31) (layer F.SilkS) (width 0.12))
    (fp_line (start -1.61 3.8) (end -1.61 4.31) (layer F.SilkS) (width 0.12))
    (fp_line (start 5.05 0.97) (end 5.59 0.97) (layer F.SilkS) (width 0.12))
    (fp_line (start 5.59 3.8) (end 5.59 4.31) (layer F.SilkS) (width 0.12))
    (fp_line (start 5.59 4.31) (end 6.11 4.31) (layer F.SilkS) (width 0.12))
    (fp_line (start 6.11 3.8) (end 6.11 4.31) (layer F.SilkS) (width 0.12))
    (fp_line (start -1.09 0.97) (end -0.55 0.97) (layer F.SilkS) (width 0.12))
    (fp_line (start 0.55 0.97) (end 3.95 0.97) (layer F.SilkS) (width 0.12))
    (fp_text user %R (at 2.25 1.68 180) (layer F.Fab)
      (effects (font (size 1 1) (thickness 0.15)))
    )
    (pad "" thru_hole circle (at -1.25 2.49 180) (size 2.1 2.1) (drill 1.3) (layers *.Cu *.Mask))
    (pad 1 thru_hole circle (at 0 0 180) (size 1.75 1.75) (drill 0.99) (layers *.Cu *.Mask)
      (net 1 GND))
    (pad 2 thru_hole circle (at 4.5 0 180) (size 1.75 1.75) (drill 0.99) (layers *.Cu *.Mask)
      (net 12 "Net-(R18-Pad2)"))
    (pad "" thru_hole circle (at 5.76 2.49 180) (size 2.1 2.1) (drill 1.3) (layers *.Cu *.Mask))
    (model ${KISYS3DMOD}/Button_Switch_THT.3dshapes/SW_Tactile_SPST_Angled_PTS645Vx83-2LFS.wrl
      (at (xyz 0 0 0))
      (scale (xyz 1 1 1))
      (rotate (xyz 0 0 0))
    )
  )

  (module Button_Switch_THT:SW_Tactile_SPST_Angled_PTS645Vx83-2LFS locked (layer F.Cu) (tedit 5A02FE31) (tstamp 6250A1D5)
    (at 136.25 149.49 180)
    (descr "tactile switch SPST right angle, PTS645VL83-2 LFS")
    (tags "tactile switch SPST angled PTS645VL83-2 LFS C&K Button")
    (path /623A0465)
    (fp_text reference SW3 (at 2.25 1.68 180) (layer F.SilkS)
      (effects (font (size 1 1) (thickness 0.15)))
    )
    (fp_text value NEXT/UP (at 2.25 5.38988 180) (layer F.Fab)
      (effects (font (size 1 1) (thickness 0.15)))
    )
    (fp_line (start 0.55 0.97) (end 3.95 0.97) (layer F.SilkS) (width 0.12))
    (fp_line (start -1.09 0.97) (end -0.55 0.97) (layer F.SilkS) (width 0.12))
    (fp_line (start 6.11 3.8) (end 6.11 4.31) (layer F.SilkS) (width 0.12))
    (fp_line (start 5.59 4.31) (end 6.11 4.31) (layer F.SilkS) (width 0.12))
    (fp_line (start 5.59 3.8) (end 5.59 4.31) (layer F.SilkS) (width 0.12))
    (fp_line (start 5.05 0.97) (end 5.59 0.97) (layer F.SilkS) (width 0.12))
    (fp_line (start -1.61 3.8) (end -1.61 4.31) (layer F.SilkS) (width 0.12))
    (fp_line (start -1.09 3.8) (end -1.09 4.31) (layer F.SilkS) (width 0.12))
    (fp_line (start 5.59 0.97) (end 5.59 1.2) (layer F.SilkS) (width 0.12))
    (fp_line (start -1.2 4.2) (end -1.2 0.86) (layer F.Fab) (width 0.1))
    (fp_line (start 5.7 4.2) (end 6 4.2) (layer F.Fab) (width 0.1))
    (fp_line (start -1.5 4.2) (end -1.5 -2.59) (layer F.Fab) (width 0.1))
    (fp_line (start -1.5 -2.59) (end 6 -2.59) (layer F.Fab) (width 0.1))
    (fp_line (start -1.61 -2.7) (end -1.61 1.2) (layer F.SilkS) (width 0.12))
    (fp_line (start -1.61 4.31) (end -1.09 4.31) (layer F.SilkS) (width 0.12))
    (fp_line (start 6.11 -2.7) (end 6.11 1.2) (layer F.SilkS) (width 0.12))
    (fp_line (start -1.61 -2.7) (end 6.11 -2.7) (layer F.SilkS) (width 0.12))
    (fp_line (start -2.5 4.45) (end -2.5 -2.8) (layer F.CrtYd) (width 0.05))
    (fp_line (start 7.05 4.45) (end -2.5 4.45) (layer F.CrtYd) (width 0.05))
    (fp_line (start 7.05 -2.8) (end 7.05 4.45) (layer F.CrtYd) (width 0.05))
    (fp_line (start -2.5 -2.8) (end 7.05 -2.8) (layer F.CrtYd) (width 0.05))
    (fp_line (start 6 4.2) (end 6 -2.59) (layer F.Fab) (width 0.1))
    (fp_line (start -1.2 0.86) (end 5.7 0.86) (layer F.Fab) (width 0.1))
    (fp_line (start -1.5 4.2) (end -1.2 4.2) (layer F.Fab) (width 0.1))
    (fp_line (start 5.7 4.2) (end 5.7 0.86) (layer F.Fab) (width 0.1))
    (fp_line (start -1.09 0.97) (end -1.09 1.2) (layer F.SilkS) (width 0.12))
    (fp_line (start 0.5 -8.35) (end 4 -8.35) (layer F.Fab) (width 0.1))
    (fp_line (start 4 -8.35) (end 4 -2.59) (layer F.Fab) (width 0.1))
    (fp_line (start 0.5 -8.35) (end 0.5 -2.59) (layer F.Fab) (width 0.1))
    (fp_text user %R (at 2.25 1.68 180) (layer F.Fab)
      (effects (font (size 1 1) (thickness 0.15)))
    )
    (pad "" thru_hole circle (at 5.76 2.49 180) (size 2.1 2.1) (drill 1.3) (layers *.Cu *.Mask))
    (pad 2 thru_hole circle (at 4.5 0 180) (size 1.75 1.75) (drill 0.99) (layers *.Cu *.Mask)
      (net 13 "Net-(R19-Pad2)"))
    (pad 1 thru_hole circle (at 0 0 180) (size 1.75 1.75) (drill 0.99) (layers *.Cu *.Mask)
      (net 1 GND))
    (pad "" thru_hole circle (at -1.25 2.49 180) (size 2.1 2.1) (drill 1.3) (layers *.Cu *.Mask))
    (model ${KISYS3DMOD}/Button_Switch_THT.3dshapes/SW_Tactile_SPST_Angled_PTS645Vx83-2LFS.wrl
      (at (xyz 0 0 0))
      (scale (xyz 1 1 1))
      (rotate (xyz 0 0 0))
    )
  )

  (module Button_Switch_THT:SW_Tactile_SPST_Angled_PTS645Vx83-2LFS locked (layer F.Cu) (tedit 5A02FE31) (tstamp 6250A1FB)
    (at 119.75 149.606 180)
    (descr "tactile switch SPST right angle, PTS645VL83-2 LFS")
    (tags "tactile switch SPST angled PTS645VL83-2 LFS C&K Button")
    (path /623A04E5)
    (fp_text reference SW4 (at 2.25 1.68 180) (layer F.SilkS)
      (effects (font (size 1 1) (thickness 0.15)))
    )
    (fp_text value PREV/DOWN (at 2.25 5.38988 180) (layer F.Fab)
      (effects (font (size 1 1) (thickness 0.15)))
    )
    (fp_line (start 0.5 -8.35) (end 0.5 -2.59) (layer F.Fab) (width 0.1))
    (fp_line (start 4 -8.35) (end 4 -2.59) (layer F.Fab) (width 0.1))
    (fp_line (start 0.5 -8.35) (end 4 -8.35) (layer F.Fab) (width 0.1))
    (fp_line (start -1.09 0.97) (end -1.09 1.2) (layer F.SilkS) (width 0.12))
    (fp_line (start 5.7 4.2) (end 5.7 0.86) (layer F.Fab) (width 0.1))
    (fp_line (start -1.5 4.2) (end -1.2 4.2) (layer F.Fab) (width 0.1))
    (fp_line (start -1.2 0.86) (end 5.7 0.86) (layer F.Fab) (width 0.1))
    (fp_line (start 6 4.2) (end 6 -2.59) (layer F.Fab) (width 0.1))
    (fp_line (start -2.5 -2.8) (end 7.05 -2.8) (layer F.CrtYd) (width 0.05))
    (fp_line (start 7.05 -2.8) (end 7.05 4.45) (layer F.CrtYd) (width 0.05))
    (fp_line (start 7.05 4.45) (end -2.5 4.45) (layer F.CrtYd) (width 0.05))
    (fp_line (start -2.5 4.45) (end -2.5 -2.8) (layer F.CrtYd) (width 0.05))
    (fp_line (start -1.61 -2.7) (end 6.11 -2.7) (layer F.SilkS) (width 0.12))
    (fp_line (start 6.11 -2.7) (end 6.11 1.2) (layer F.SilkS) (width 0.12))
    (fp_line (start -1.61 4.31) (end -1.09 4.31) (layer F.SilkS) (width 0.12))
    (fp_line (start -1.61 -2.7) (end -1.61 1.2) (layer F.SilkS) (width 0.12))
    (fp_line (start -1.5 -2.59) (end 6 -2.59) (layer F.Fab) (width 0.1))
    (fp_line (start -1.5 4.2) (end -1.5 -2.59) (layer F.Fab) (width 0.1))
    (fp_line (start 5.7 4.2) (end 6 4.2) (layer F.Fab) (width 0.1))
    (fp_line (start -1.2 4.2) (end -1.2 0.86) (layer F.Fab) (width 0.1))
    (fp_line (start 5.59 0.97) (end 5.59 1.2) (layer F.SilkS) (width 0.12))
    (fp_line (start -1.09 3.8) (end -1.09 4.31) (layer F.SilkS) (width 0.12))
    (fp_line (start -1.61 3.8) (end -1.61 4.31) (layer F.SilkS) (width 0.12))
    (fp_line (start 5.05 0.97) (end 5.59 0.97) (layer F.SilkS) (width 0.12))
    (fp_line (start 5.59 3.8) (end 5.59 4.31) (layer F.SilkS) (width 0.12))
    (fp_line (start 5.59 4.31) (end 6.11 4.31) (layer F.SilkS) (width 0.12))
    (fp_line (start 6.11 3.8) (end 6.11 4.31) (layer F.SilkS) (width 0.12))
    (fp_line (start -1.09 0.97) (end -0.55 0.97) (layer F.SilkS) (width 0.12))
    (fp_line (start 0.55 0.97) (end 3.95 0.97) (layer F.SilkS) (width 0.12))
    (fp_text user %R (at 2.25 1.68 180) (layer F.Fab)
      (effects (font (size 1 1) (thickness 0.15)))
